question,timestamp,model_Role Based_llama3-70b-8192,model_Role Based_mistral-saba-24b,model_Role Based_qwen-2.5-32b
Tab2 - Role Based - 📂 Data Ownership Scenario,2025-03-21 02:34:08,NO,Yes.,No
